-1, 1.55663e-15
-2, 1.24908e-19
-3, 1.19954e-19
-4, 2.36263e-12
-5, -3.4045e-12
-6, 2.06795e-23
-1, 2.99594e-23
-2, 6.85009e-25
-2.5, 0
-3, -4.52364e-26
-4, -4.31984e-17
-1, 8.76967e-22
-1.61484, 9.37057e-19
-2, -2.40224e-18
-3, 8.55047e-19
-12.3852, 2.27475e-24
-1, -5.60271e-13
-1.08847, -2.82728e-27
-2, 3.45348e-23
-5.45576, 5.03565
-5.45576, -5.03565
-.703203, -1.13596e-28
-1, -3.38302e-15
-2.46547, -3.78412
-2.46547, 3.78412
-8.36586, -1.65436e-24
-.373828, 2.01948e-28
-1.21381, -2.4716
-1.21381, 2.4716
-6.09928, -2.26618
-6.09928, 2.26618
-3.91473, -2.11937
-.585269, 1.29458
-.585269, -1.29458
-3.91473, 2.11937
-6, -2.52485e-19
-1, -3.51552e-24
-1.5, -.866025
-1.5, .866025
-2, -2.67345e-20
-1, -4.10811e-18
-.909015, -.693254
-.909015, .693254
-9.18197, -5.04871e-29
-.441497, -.478785
-.441497, .478785
-3.5585, 3.95331
-3.5585, -3.95331
-1.22846, -2.8057
-1.22846, 2.8057
-5.54307, -1.19241e-17
0, 0
-1, 1.4395e-21
-1.33333, -6.86625e-27
-2, 8.07794e-26
-3, 2.82728e-27
-1, 1.4395e-21
-1.33333, -6.86625e-27
-2, 8.07794e-26
-3, 2.82728e-27
-1, 5.7447e-15
-1, -6.86305e-15
-2, -1.00974e-28
-6, 1.00974e-28
-1, 9.80095e-15
-1, -3.87875e-15
-2, -1.00974e-28
-6, 1.00974e-28
-.677289, 0
-1, -8.07794e-27
-3.16136, 2.77912
-3.16136, -2.77912
-.677289, 0
-1, -8.07794e-27
-3.16136, 2.77912
-3.16136, -2.77912
-.368552, 2.17879e-19
-1.38841, -2.18616
-1.38841, 2.18616
-4.85463, -2.01948e-28
-.368552, 2.17879e-19
-1.38841, -2.18616
-1.38841, 2.18616
-4.85463, -2.01948e-28
-3.40785, -1.2174
-.592147, 1.2174
-.592147, -1.2174
-3.40785, 1.2174
-.414276, -.504292
-.414276, .504292
-4.41823, 7.7927e-19
-12.7532, -3.33731e-19
-.847933, -2.12089e-21
-1, 1.37395e-21
-2, 3.45348e-23
-14.1521, -7.75482e-25
-2.89692, 1.75005
-2.89692, -1.75005
-8.20616, 3.38813e-21
0, 0
-.627719, -6.53473e-23
-1, -9.49965e-25
-6, -8.27181e-25
-6.37228, 2.06795e-24
-.847933, -2.12089e-21
-1, 1.37395e-21
-2, 3.45348e-23
-14.1521, -7.75482e-25
-.447234, -.455698
-.447234, .455698
-6.55277, -3.99138
-6.55277, 3.99138
-.627719, -6.53473e-23
-1, -9.49965e-25
-6, -8.27181e-25
-6.37228, 2.06795e-24
-1.75974, -2.64902
-1.75974, 2.64902
-10.4805, -6.09864e-18
0, 0
-.358781, 8.71848e-22
-1.75105, -1.87919
-1.75105, 1.87919
-10.1391, -4.46179e-15
-1, 7.61168e-15
-1, -3.5083e-15
-2, -1.00974e-28
-6, 1.00974e-28
-.847933, -2.12089e-21
-1, 1.37395e-21
-2, 3.45348e-23
-14.1521, -7.75482e-25
-.847933, -2.12089e-21
-1, 1.37395e-21
-2, 3.45348e-23
-14.1521, -7.75482e-25
-.627719, -6.53473e-23
-1, -9.49965e-25
-6, -8.27181e-25
-6.37228, 2.06795e-24
-.627719, -6.53473e-23
-1, -9.49965e-25
-6, -8.27181e-25
-6.37228, 2.06795e-24
-.358781, 8.71848e-22
-1.75105, -1.87919
-1.75105, 1.87919
-10.1391, -4.46179e-15
-.358781, 8.71848e-22
-1.75105, -1.87919
-1.75105, 1.87919
-10.1391, -4.46179e-15
-.634913, -1.11412
-.634913, 1.11412
-3, 0
-9.73017, 3.43115e-20
-2.40623, 1.29247e-26
-3.79689, 5.12946
-3.79689, -5.12946
0, 0
-.527077, 1.48063e-17
-1, -1.48752e-17
-4.23646, 5.25229
-4.23646, -5.25229
-.471167, -.405724
-.471167, .405724
-4.52883, 6.4473
-4.52883, -6.4473
-.527077, 1.48063e-17
-1, -1.48752e-17
-4.23646, 5.25229
-4.23646, -5.25229
-2.5, -3.96863
-2.5, 3.96863
-5, -3.10193e-25
0, 0
-.336755, 1.97222e-16
-3.33162, -3.55758
-3.33162, 3.55758
-3, 2.42338e-27
-.627719, -6.53473e-23
-1, -9.49965e-25
-6, -8.27181e-25
-6.37228, 2.06795e-24
-.527077, 1.48063e-17
-1, -1.48752e-17
-4.23646, 5.25229
-4.23646, -5.25229
-.527077, 1.48063e-17
-1, -1.48752e-17
-4.23646, 5.25229
-4.23646, -5.25229
-.336755, 1.97222e-16
-3.33162, -3.55758
-3.33162, 3.55758
-3, 2.42338e-27
-.336755, 1.97222e-16
-3.33162, -3.55758
-3.33162, 3.55758
-3, 2.42338e-27
-.758184, -.945813
-.758184, .945813
-4.24182, 3.83057
-4.24182, -3.83057
-1.24884, -3.83432
-1.24884, 3.83432
-7.50232, 2.38228e-22
0, 0
-.268769, -7.75482e-26
-1.40786, -3.30611
-1.40786, 3.30611
-6.91552, 9.57664e-14
-.336755, 1.97222e-16
-3.33162, -3.55758
-3.33162, 3.55758
-3, 2.42338e-27
-.268769, -7.75482e-26
-1.40786, -3.30611
-1.40786, 3.30611
-6.91552, 9.57664e-14
-.268769, -7.75482e-26
-1.40786, -3.30611
-1.40786, 3.30611
-6.91552, 9.57664e-14
-1, 0
-1.5, -2.39792
-1.5, 2.39792
-6, -1.9387e-26
-1, 0
-1.5, -2.39792
-1.5, 2.39792
-6, -1.9387e-26
-4.52715, -1.69096
-.472849, 1.69096
-.472849, -1.69096
-4.52715, 1.69096
-.5, 0
-.5, 1.11803
-.5, -1.11803
2.33017e-18, -.707107
-1.31459e-17, .707107
-6, 2.96462e-19
-.75, -.661438
-.75, .661438
-1, -1.16086e-15
-.75, -.661438
-.75, .661438
-1, -1.16086e-15
-.422693, -.481426
-.422693, .481426
-3.65461, 5.45277e-21
-.422693, -.481426
-.422693, .481426
-3.65461, 5.45277e-21
-1.5, 2.06155
-1.5, -2.06155
0, 0
-1, 3.76972e-14
-.963152, -.574992
-.963152, .574992
-19.0737, 5.13392e-17
-1, 4.76456e-21
-1, -.447214
-1, .447214
-.75, 1.9387e-26
-1, -6.46235e-26
-2, -6.46235e-27
-1, 4.76456e-21
-1, -.447214
-1, .447214
-.75, 1.9387e-26
-1, -6.46235e-26
-2, -6.46235e-27
-.373155, -6.31089e-30
-1.31342, 1.51483
-1.31342, -1.51483
-.75, 1.9387e-26
-1, -6.46235e-26
-2, -6.46235e-27
-.373155, -6.31089e-30
-1.31342, 1.51483
-1.31342, -1.51483
-.5, -1.11803
-.5, 1.11803
-2, 1.95201e-17
-.313811, -.453212
-.313811, .453212
-9.87238, 0
-.422693, -.481426
-.422693, .481426
-3.65461, 5.45277e-21
-.313811, -.453212
-.313811, .453212
-9.87238, 0
-.313811, -.453212
-.313811, .453212
-9.87238, 0
-2.5, 1.03398e-25
-5, -2.58494e-26
0, 0
-.28702, -.47839
-.28702, .47839
-6.42596, 1.29247e-26
-.452088, -.433699
-.452088, .433699
-5.09582, 7.27919e-23
-.28702, -.47839
-.28702, .47839
-6.42596, 1.29247e-26
-.452088, -.433699
-.452088, .433699
-5.09582, 7.27919e-23
-1.45862, -4.63221e-23
-7.54138, -1.05879e-22
0, 0
-.473589, -.385037
-.473589, .385037
-8.05282, 4.1359e-25
-.422693, -.481426
-.422693, .481426
-3.65461, 5.45277e-21
-.452088, -.433699
-.452088, .433699
-5.09582, 7.27919e-23
-.313811, -.453212
-.313811, .453212
-9.87238, 0
-.473589, -.385037
-.473589, .385037
-8.05282, 4.1359e-25
-.313811, -.453212
-.313811, .453212
-9.87238, 0
-.473589, -.385037
-.473589, .385037
-8.05282, 4.1359e-25
-2.5, 1.03398e-25
-5, -2.58494e-26
0, 0
-.5, -1.24423e-15
-1, 6.23428e-15
-6, 4.57139e-15
-.452088, -.433699
-.452088, .433699
-5.09582, 7.27919e-23
-.473589, -.385037
-.473589, .385037
-8.05282, 4.1359e-25
-.473589, -.385037
-.473589, .385037
-8.05282, 4.1359e-25
-.5, -1.24423e-15
-1, 6.23428e-15
-6, 4.57139e-15
-.473589, -.385037
-.473589, .385037
-8.05282, 4.1359e-25
-.5, -1.24423e-15
-1, 6.23428e-15
-6, 4.57139e-15
-.5, -1.24423e-15
-1, 6.23428e-15
-6, 4.57139e-15
-.420395, -.851044
-.420395, .851044
-6.65921, -1.03398e-25
-2.5, 1.03398e-25
-5, -2.58494e-26
0, 0
.156035, 0
-2.32802, 3.71576
-2.32802, -3.71576
.166424, -2.01948e-28
-3.08321, 2.91891
-3.08321, -2.91891
-3, -2.23607
-3, 2.23607
0, 0
-2.5, 1.03398e-25
-5, -2.58494e-26
0, 0
-3, -2.23607
-3, 2.23607
0, 0
.156035, 0
-2.32802, 3.71576
-2.32802, -3.71576
-2.25, 3.23071
-2.25, -3.23071
0, 0
-3, -2.23607
-3, 2.23607
0, 0
-2.25, 3.23071
-2.25, -3.23071
0, 0
-2.25, 3.23071
-2.25, -3.23071
0, 0
-.263539, 1.31474e-17
-2.11823, 2.62614
-2.11823, -2.62614
.170762, 1.61559e-27
-2.08538, 2.71356
-2.08538, -2.71356
-.75, 1.9387e-26
-1, -6.46235e-26
-2, -6.46235e-27
-.585786, -3.72231e-24
-1, -7.54389e-22
-3.41421, 0
-.585786, -3.72231e-24
-1, -7.54389e-22
-3.41421, 0
-.349371, -1.13618e-16
-1.82531, 1.54687
-1.82531, -1.54687
-2, 2.23607
-2, -2.23607
0, 0
-.349371, -1.13618e-16
-1.82531, 1.54687
-1.82531, -1.54687
-.65219, -1.02885
-.65219, 1.02885
-2.69562, 5.22548e-16
-1, 4.76456e-21
-1, -.447214
-1, .447214
-.452088, -.433699
-.452088, .433699
-5.09582, 7.27919e-23
-2.5, -1.32288
-2.5, 1.32288
0, 0
-2, 2.23607
-2, -2.23607
0, 0
-.75, 1.9387e-26
-1, -6.46235e-26
-2, -6.46235e-27
-.585786, -3.72231e-24
-1, -7.54389e-22
-3.41421, 0
-2, 2.23607
-2, -2.23607
0, 0
-.75, 1.9387e-26
-1, -6.46235e-26
-2, -6.46235e-27
-.75, 1.9387e-26
-1, -6.46235e-26
-2, -6.46235e-27
-.585786, -3.72231e-24
-1, -7.54389e-22
-3.41421, 0
-.75, 1.9387e-26
-1, -6.46235e-26
-2, -6.46235e-27
-.585786, -3.72231e-24
-1, -7.54389e-22
-3.41421, 0
-.585786, -3.72231e-24
-1, -7.54389e-22
-3.41421, 0
-.349371, -1.13618e-16
-1.82531, 1.54687
-1.82531, -1.54687
-.585786, -3.72231e-24
-1, -7.54389e-22
-3.41421, 0
-.349371, -1.13618e-16
-1.82531, 1.54687
-1.82531, -1.54687
-.349371, -1.13618e-16
-1.82531, 1.54687
-1.82531, -1.54687
-.65219, -1.02885
-.65219, 1.02885
-2.69562, 5.22548e-16
-.5, -1.24423e-15
-1, 6.23428e-15
-6, 4.57139e-15
-3, -2.23607
-3, 2.23607
0, 0
-.3283, 1.69469e-22
-2.83585, -1.04687
-2.83585, 1.04687
-.5, -1.24423e-15
-1, 6.23428e-15
-6, 4.57139e-15
-.5, -1.24423e-15
-1, 6.23428e-15
-6, 4.57139e-15
-.3283, 1.69469e-22
-2.83585, -1.04687
-2.83585, 1.04687
-3, -2.23607
-3, 2.23607
0, 0
-.3283, 1.69469e-22
-2.83585, -1.04687
-2.83585, 1.04687
-.3283, 1.69469e-22
-2.83585, -1.04687
-2.83585, 1.04687
-.737449, -.884368
-.737449, .884368
-4.5251, 3.38813e-19
-2.5, 1.03398e-25
-5, -2.58494e-26
0, 0
-.5, -1.24423e-15
-1, 6.23428e-15
-6, 4.57139e-15
-.473589, -.385037
-.473589, .385037
-8.05282, 4.1359e-25
-.5, -1.24423e-15
-1, 6.23428e-15
-6, 4.57139e-15
-3, -2.23607
-3, 2.23607
0, 0
-.3283, 1.69469e-22
-2.83585, -1.04687
-2.83585, 1.04687
-.5, -1.24423e-15
-1, 6.23428e-15
-6, 4.57139e-15
-.5, -1.24423e-15
-1, 6.23428e-15
-6, 4.57139e-15
-.5, -1.24423e-15
-1, 6.23428e-15
-6, 4.57139e-15
-3, -2.23607
-3, 2.23607
0, 0
-.3283, 1.69469e-22
-2.83585, -1.04687
-2.83585, 1.04687
-.5, -1.24423e-15
-1, 6.23428e-15
-6, 4.57139e-15
-.5, -1.24423e-15
-1, 6.23428e-15
-6, 4.57139e-15
-.3283, 1.69469e-22
-2.83585, -1.04687
-2.83585, 1.04687
-.5, -1.24423e-15
-1, 6.23428e-15
-6, 4.57139e-15
-.3283, 1.69469e-22
-2.83585, -1.04687
-2.83585, 1.04687
-.3283, 1.69469e-22
-2.83585, -1.04687
-2.83585, 1.04687
-.737449, -.884368
-.737449, .884368
-4.5251, 3.38813e-19
-2.25, 3.23071
-2.25, -3.23071
0, 0
-.263539, 1.31474e-17
-2.11823, 2.62614
-2.11823, -2.62614
-.3283, 1.69469e-22
-2.83585, -1.04687
-2.83585, 1.04687
-.263539, 1.31474e-17
-2.11823, 2.62614
-2.11823, -2.62614
-.263539, 1.31474e-17
-2.11823, 2.62614
-2.11823, -2.62614
-1, 0
-1.75, 1.71391
-1.75, -1.71391
-2.25, 3.23071
-2.25, -3.23071
0, 0
-.263539, 1.31474e-17
-2.11823, 2.62614
-2.11823, -2.62614
-2.25, 3.23071
-2.25, -3.23071
0, 0
-.263539, 1.31474e-17
-2.11823, 2.62614
-2.11823, -2.62614
-.3283, 1.69469e-22
-2.83585, -1.04687
-2.83585, 1.04687
-.263539, 1.31474e-17
-2.11823, 2.62614
-2.11823, -2.62614
-.263539, 1.31474e-17
-2.11823, 2.62614
-2.11823, -2.62614
-1, 0
-1.75, 1.71391
-1.75, -1.71391
-1, 0
-1.75, 1.71391
-1.75, -1.71391
-.568514, -1.53395
-.568514, 1.53395
-3.36297, -8.15269e-21
-2.5, 1.03398e-25
-5, -2.58494e-26
0, 0
-2.5, 1.03398e-25
-5, -2.58494e-26
0, 0
-1.38423, 0
-16.6158, 2.58494e-26
0, 0
-2, 4.1359e-25
-13, -8.27181e-25
0, 0
-2, 4.1359e-25
-13, -8.27181e-25
0, 0
-1.45862, -4.63221e-23
-7.54138, -1.05879e-22
0, 0
.173265, 0
-2.79831, -1.31502e-19
-12.375, 6.21722e-19
-2, 4.1359e-25
-13, -8.27181e-25
0, 0
-1.38423, 0
-16.6158, 2.58494e-26
0, 0
.162278, -2.20423e-21
-6, -1.12827e-21
-6.16228, 1.11504e-21
-3.35425, 0
-8.64575, 0
0, 0
-2, 4.1359e-25
-13, -8.27181e-25
0, 0
-3.35425, 0
-8.64575, 0
0, 0
-.309584, 1.29247e-26
-2, 0
-9.69042, 1.26218e-29
-.442561, 2.53146e-18
-1, -1.46071e-17
-13.5574, -2.59404e-21
-.442561, 2.53146e-18
-1, -1.46071e-17
-13.5574, -2.59404e-21
-.442561, 2.53146e-18
-1, -1.46071e-17
-13.5574, -2.59404e-21
-3.35425, 0
-8.64575, 0
0, 0
-.309584, 1.29247e-26
-2, 0
-9.69042, 1.26218e-29
-3.35425, 0
-8.64575, 0
0, 0
-.309584, 1.29247e-26
-2, 0
-9.69042, 1.26218e-29
-.755889, -.756817
-.755889, .756817
-10.4882, 1.65436e-24
-.473589, -.385037
-.473589, .385037
-8.05282, 4.1359e-25
-.337129, -.42607
-.337129, .42607
-20.3257, 0
-.473589, -.385037
-.473589, .385037
-8.05282, 4.1359e-25
-.489, .336696
-.489, -.336696
-17.022, 1.65436e-24
-.313811, -.453212
-.313811, .453212
-9.87238, 0
-.337129, -.42607
-.337129, .42607
-20.3257, 0
-.489, .336696
-.489, -.336696
-17.022, 1.65436e-24
-1.38423, 0
-16.6158, 2.58494e-26
0, 0
-2, 4.1359e-25
-13, -8.27181e-25
0, 0
-.442561, 2.53146e-18
-1, -1.46071e-17
-13.5574, -2.59404e-21
-.473589, -.385037
-.473589, .385037
-8.05282, 4.1359e-25
-.489, .336696
-.489, -.336696
-17.022, 1.65436e-24
-.473589, -.385037
-.473589, .385037
-8.05282, 4.1359e-25
-.489, .336696
-.489, -.336696
-17.022, 1.65436e-24
-.489, .336696
-.489, -.336696
-17.022, 1.65436e-24
-2, 4.1359e-25
-13, -8.27181e-25
0, 0
-.442561, 2.53146e-18
-1, -1.46071e-17
-13.5574, -2.59404e-21
-.473589, -.385037
-.473589, .385037
-8.05282, 4.1359e-25
-.489, .336696
-.489, -.336696
-17.022, 1.65436e-24
-.442561, 2.53146e-18
-1, -1.46071e-17
-13.5574, -2.59404e-21
-.489, .336696
-.489, -.336696
-17.022, 1.65436e-24
-.442561, 2.53146e-18
-1, -1.46071e-17
-13.5574, -2.59404e-21
-.46735, -.79671
-.46735, .79671
-14.0653, 0
-.442561, 2.53146e-18
-1, -1.46071e-17
-13.5574, -2.59404e-21
-3.35425, 0
-8.64575, 0
0, 0
-.309584, 1.29247e-26
-2, 0
-9.69042, 1.26218e-29
-.442561, 2.53146e-18
-1, -1.46071e-17
-13.5574, -2.59404e-21
-.442561, 2.53146e-18
-1, -1.46071e-17
-13.5574, -2.59404e-21
-.442561, 2.53146e-18
-1, -1.46071e-17
-13.5574, -2.59404e-21
-3.35425, 0
-8.64575, 0
0, 0
-.309584, 1.29247e-26
-2, 0
-9.69042, 1.26218e-29
-.442561, 2.53146e-18
-1, -1.46071e-17
-13.5574, -2.59404e-21
-.309584, 1.29247e-26
-2, 0
-9.69042, 1.26218e-29
-3.35425, 0
-8.64575, 0
0, 0
-.309584, 1.29247e-26
-2, 0
-9.69042, 1.26218e-29
-.755889, -.756817
-.755889, .756817
-10.4882, 1.65436e-24
-2, 4.1359e-25
-13, -8.27181e-25
0, 0
.162278, -2.20423e-21
-6, -1.12827e-21
-6.16228, 1.11504e-21
.162278, -2.20423e-21
-6, -1.12827e-21
-6.16228, 1.11504e-21
.152308, 1.97215e-31
-4.57615, 4.29567
-4.57615, -4.29567
.152308, 1.97215e-31
-4.57615, 4.29567
-4.57615, -4.29567
-4.5, 3.42783
-4.5, -3.42783
0, 0
.152308, 1.97215e-31
-4.57615, 4.29567
-4.57615, -4.29567
-3.35425, 0
-8.64575, 0
0, 0
-4.5, 3.42783
-4.5, -3.42783
0, 0
-3.35425, 0
-8.64575, 0
0, 0
-3.35425, 0
-8.64575, 0
0, 0
.152308, 1.97215e-31
-4.57615, 4.29567
-4.57615, -4.29567
-4.5, 3.42783
-4.5, -3.42783
0, 0
-3.35425, 0
-8.64575, 0
0, 0
-4.5, 3.42783
-4.5, -3.42783
0, 0
-4.5, 3.42783
-4.5, -3.42783
0, 0
-.252163, 5.04871e-29
-4.37392, -2.15939
-4.37392, 2.15939
-.252163, 5.04871e-29
-4.37392, -2.15939
-4.37392, 2.15939
-.252163, 5.04871e-29
-4.37392, -2.15939
-4.37392, 2.15939
-.252163, 5.04871e-29
-4.37392, -2.15939
-4.37392, 2.15939
-4.5, 3.42783
-4.5, -3.42783
0, 0
-.252163, 5.04871e-29
-4.37392, -2.15939
-4.37392, 2.15939
-.252163, 5.04871e-29
-4.37392, -2.15939
-4.37392, 2.15939
-1, -2.58494e-26
-2, 2.91168e-22
-6, -3.83812e-22
-3, -2.23607
-3, 2.23607
0, 0
-.585786, -3.72231e-24
-1, -7.54389e-22
-3.41421, 0
-.5, -1.24423e-15
-1, 6.23428e-15
-6, 4.57139e-15
-.585786, -3.72231e-24
-1, -7.54389e-22
-3.41421, 0
-.5, -1.24423e-15
-1, 6.23428e-15
-6, 4.57139e-15
-.3283, 1.69469e-22
-2.83585, -1.04687
-2.83585, 1.04687
-.5, -1.24423e-15
-1, 6.23428e-15
-6, 4.57139e-15
-.3283, 1.69469e-22
-2.83585, -1.04687
-2.83585, 1.04687
-.737449, -.884368
-.737449, .884368
-4.5251, 3.38813e-19
-.309584, 1.29247e-26
-2, 0
-9.69042, 1.26218e-29
-.442561, 2.53146e-18
-1, -1.46071e-17
-13.5574, -2.59404e-21
-.442561, 2.53146e-18
-1, -1.46071e-17
-13.5574, -2.59404e-21
-.309584, 1.29247e-26
-2, 0
-9.69042, 1.26218e-29
-3.35425, 0
-8.64575, 0
0, 0
-.309584, 1.29247e-26
-2, 0
-9.69042, 1.26218e-29
-.755889, -.756817
-.755889, .756817
-10.4882, 1.65436e-24
-3.35425, 0
-8.64575, 0
0, 0
-.309584, 1.29247e-26
-2, 0
-9.69042, 1.26218e-29
-.489, .336696
-.489, -.336696
-17.022, 1.65436e-24
-.489, .336696
-.489, -.336696
-17.022, 1.65436e-24
-.442561, 2.53146e-18
-1, -1.46071e-17
-13.5574, -2.59404e-21
-3.35425, 0
-8.64575, 0
0, 0
-.309584, 1.29247e-26
-2, 0
-9.69042, 1.26218e-29
-.5, -1.24423e-15
-1, 6.23428e-15
-6, 4.57139e-15
-.442561, 2.53146e-18
-1, -1.46071e-17
-13.5574, -2.59404e-21
-.442561, 2.53146e-18
-1, -1.46071e-17
-13.5574, -2.59404e-21
-.309584, 1.29247e-26
-2, 0
-9.69042, 1.26218e-29
-.442561, 2.53146e-18
-1, -1.46071e-17
-13.5574, -2.59404e-21
-.309584, 1.29247e-26
-2, 0
-9.69042, 1.26218e-29
-.309584, 1.29247e-26
-2, 0
-9.69042, 1.26218e-29
-.755889, -.756817
-.755889, .756817
-10.4882, 1.65436e-24
-.252163, 5.04871e-29
-4.37392, -2.15939
-4.37392, 2.15939
-.252163, 5.04871e-29
-4.37392, -2.15939
-4.37392, 2.15939
-4.5, 3.42783
-4.5, -3.42783
0, 0
-.252163, 5.04871e-29
-4.37392, -2.15939
-4.37392, 2.15939
-.252163, 5.04871e-29
-4.37392, -2.15939
-4.37392, 2.15939
-1, -2.58494e-26
-2, 2.91168e-22
-6, -3.83812e-22
-.309584, 1.29247e-26
-2, 0
-9.69042, 1.26218e-29
-.252163, 5.04871e-29
-4.37392, -2.15939
-4.37392, 2.15939
-.252163, 5.04871e-29
-4.37392, -2.15939
-4.37392, 2.15939
-1, -2.58494e-26
-2, 2.91168e-22
-6, -3.83812e-22
-1, -2.58494e-26
-2, 2.91168e-22
-6, -3.83812e-22
-.777926, -1.34642
-.777926, 1.34642
-7.44415, 0
-4.5, 3.42783
-4.5, -3.42783
0, 0
-4.5, 3.42783
-4.5, -3.42783
0, 0
.143266, 9.86076e-32
-3.07163, 5.69607
-3.07163, -5.69607
-3, 5.09902
-3, -5.09902
0, 0
-4.5, 3.42783
-4.5, -3.42783
0, 0
-4.5, 3.42783
-4.5, -3.42783
0, 0
.143266, 9.86076e-32
-3.07163, 5.69607
-3.07163, -5.69607
-3, 5.09902
-3, -5.09902
0, 0
-4.5, 3.42783
-4.5, -3.42783
0, 0
-3, 5.09902
-3, -5.09902
0, 0
-.216221, 1.57614e-19
-2.89189, 4.403
-2.89189, -4.403
-.216221, 1.57614e-19
-2.89189, 4.403
-2.89189, -4.403
-.216221, 1.57614e-19
-2.89189, 4.403
-2.89189, -4.403
-.608549, -7.88861e-31
-2.69573, 3.52875
-2.69573, -3.52875
-.309584, 1.29247e-26
-2, 0
-9.69042, 1.26218e-29
-.309584, 1.29247e-26
-2, 0
-9.69042, 1.26218e-29
-.252163, 5.04871e-29
-4.37392, -2.15939
-4.37392, 2.15939
-.3283, 1.69469e-22
-2.83585, -1.04687
-2.83585, 1.04687
-.309584, 1.29247e-26
-2, 0
-9.69042, 1.26218e-29
-.252163, 5.04871e-29
-4.37392, -2.15939
-4.37392, 2.15939
-.309584, 1.29247e-26
-2, 0
-9.69042, 1.26218e-29
-.252163, 5.04871e-29
-4.37392, -2.15939
-4.37392, 2.15939
-1, -2.58494e-26
-2, 2.91168e-22
-6, -3.83812e-22
-.216221, 1.57614e-19
-2.89189, 4.403
-2.89189, -4.403
-.216221, 1.57614e-19
-2.89189, 4.403
-2.89189, -4.403
-.216221, 1.57614e-19
-2.89189, 4.403
-2.89189, -4.403
-.608549, -7.88861e-31
-2.69573, 3.52875
-2.69573, -3.52875
-3, 5.09902
-3, -5.09902
0, 0
-3, 5.09902
-3, -5.09902
0, 0
-.252163, 5.04871e-29
-4.37392, -2.15939
-4.37392, 2.15939
-.216221, 1.57614e-19
-2.89189, 4.403
-2.89189, -4.403
-.216221, 1.57614e-19
-2.89189, 4.403
-2.89189, -4.403
-.608549, -7.88861e-31
-2.69573, 3.52875
-2.69573, -3.52875
-2, 1.72054e-17
-2, 2.23607
-2, -2.23607
-.608549, -7.88861e-31
-2.69573, 3.52875
-2.69573, -3.52875
-1, -2.58494e-26
-2, 2.91168e-22
-6, -3.83812e-22
-.608549, -7.88861e-31
-2.69573, 3.52875
-2.69573, -3.52875
-2, 1.72054e-17
-2, 2.23607
-2, -2.23607
-.626082, -2.15939
-.626082, 2.15939
-4.74784, -4.96308e-24
.166667, .687184
.166667, -.687184
-.00205323, -.666765
-.00205323, .666765
-13.4959, -1.32349e-23
-7.99662e-16, .632456
7.99662e-16, -.632456
-.25, .433013
-.25, -.433013
-.0288506, -.666756
-.0288506, .666756
-26.9423, -2.64698e-23
-.0555556, .664348
-.0555556, -.664348
-.125, .695971
-.125, -.695971
-1.09498e-15, .866025
1.09498e-15, -.866025
-.166667, .440959
-.166667, -.440959
.18046, -6.23628e-19
-1.84713, 6.3807e-18
-.25, .433013
-.25, -.433013
-.25, .433013
-.25, -.433013
-1.33333, -2.22045e-16
0, 0
-.25, .433013
-.25, -.433013
-.337129, -.42607
-.337129, .42607
-20.3257, 0
-.357143, .397697
-.357143, -.397697
-.357143, .397697
-.357143, -.397697
-.5, -.288675
-.5, .288675
-1.33333, -2.22045e-16
6.94116e-310, 6.94105e-310
-.357143, .397697
-.357143, -.397697
-.5, -.288675
-.5, .288675
-.5, -.288675
-.5, .288675
-.333333, .745356
-.333333, -.745356
-7.99662e-16, .632456
7.99662e-16, -.632456
-.166667, .440959
-.166667, -.440959
-.228197, -.450303
-.228197, .450303
-23.5436, -8.89046e-17
-1, 1.11022e-16
6.94116e-310, 6.94116e-310
-.25, .433013
-.25, -.433013
-1.33333, -2.22045e-16
0, 6.94116e-310
-.25, .433013
-.25, -.433013
-1.33333, -2.22045e-16
6.94116e-310, 6.94116e-310
-.337129, -.42607
-.337129, .42607
-20.3257, 0
-.25, .433013
-.25, -.433013
-.357143, .397697
-.357143, -.397697
-.25, .433013
-.25, -.433013
-1.33333, -2.22045e-16
2.122e-314, 6.94116e-310
-.337129, -.42607
-.337129, .42607
-20.3257, 0
-.357143, .397697
-.357143, -.397697
-.357143, .397697
-.357143, -.397697
-.5, -.288675
-.5, .288675
-.357143, .397697
-.357143, -.397697
-.5, -.288675
-.5, .288675
-.5, -.288675
-.5, .288675
-.333333, .745356
-.333333, -.745356
.265564, -8.27181e-25
-3.76556, 1.32349e-23
.158312, 0
-3.15831, 5.16988e-26
.158312, 0
-3.15831, 5.16988e-26
-1.8, 2.22045e-16
6.94116e-310, 6.94116e-310
-1.8, 2.22045e-16
2.122e-314, 6.94116e-310
.158312, 0
-3.15831, 5.16988e-26
-2.5, 4.44089e-16
6.94116e-310, 0
.158312, 0
-3.15831, 5.16988e-26
-2.5, 4.44089e-16
0, 0
-1.8, 2.22045e-16
.143841, 6.94116e-310
-2.5, 4.44089e-16
6.94116e-310, 0
-2.5, 4.44089e-16
6.94116e-310, 0
-.292893, -3.10193e-25
-1.70711, -6.61744e-24
-.5, -.288675
-.5, .288675
-1.8, 2.22045e-16
0, 0
-.4, 0
-1, 0
-.357143, .397697
-.357143, -.397697
-.5, -.288675
-.5, .288675
-.5, -.288675
-.5, .288675
-.5, -.288675
-.5, .288675
-.4, 0
-1, 0
-.357143, .397697
-.357143, -.397697
-1.8, 2.22045e-16
6.94116e-310, 0
-.4, 0
-1, 0
-.5, -.288675
-.5, .288675
-.4, 0
-1, 0
-.4, 0
-1, 0
-.5, .74162
-.5, -.74162
-.4, 0
-1, 0
-.292893, -3.10193e-25
-1.70711, -6.61744e-24
-.292893, -3.10193e-25
-1.70711, -6.61744e-24
-.75, .661438
-.75, -.661438
-1.33333, -2.22045e-16
6.94116e-310, 6.94116e-310
-.5, -.288675
-.5, .288675
-.5, -.288675
-.5, .288675
-.5, -.288675
-.5, .288675
-1.8, 2.22045e-16
1.19453e103, 6.94116e-310
-1.8, 2.22045e-16
0, 0
-.4, 0
-1, 0
-.5, -.288675
-.5, .288675
-1.8, 2.22045e-16
0, 0
-.4, 0
-1, 0
-.5, -.288675
-.5, .288675
-.5, -.288675
-.5, .288675
-.4, 0
-1, 0
-.4, 0
-1, 0
-.5, .74162
-.5, -.74162
-2.5, 4.44089e-16
6.94116e-310, 6.94116e-310
-.292893, -3.10193e-25
-1.70711, -6.61744e-24
-2.5, 4.44089e-16
6.94116e-310, 6.94116e-310
-.292893, -3.10193e-25
-1.70711, -6.61744e-24
-2.5, 4.44089e-16
0, 0
-.292893, -3.10193e-25
-1.70711, -6.61744e-24
-.4, 0
-1, 0
-.292893, -3.10193e-25
-1.70711, -6.61744e-24
-.292893, -3.10193e-25
-1.70711, -6.61744e-24
-.75, .661438
-.75, -.661438
-.75, .661438
-.75, -.661438
-.5, 1.11803
-.5, -1.11803
-1.33333, -2.22045e-16
0, 6.94116e-310
.158312, 0
-3.15831, 5.16988e-26
.168858, -4.1359e-25
-2.36886, 0
.158312, 0
-3.15831, 5.16988e-26
-2, 4.1359e-25
-13, -8.27181e-25
0, 0
-1.8, 2.22045e-16
6.94116e-310, 4.94066e-324
-2.5, 4.44089e-16
6.94116e-310, 6.94116e-310
-1.8, 2.22045e-16
2.122e-314, 6.94116e-310
-2.5, 4.44089e-16
0, 0
-.292893, -3.10193e-25
-1.70711, -6.61744e-24
.242641, -1.57772e-30
-8.24264, -1.51461e-28
.148741, -6.31089e-30
-4.48207, 0
.148741, -6.31089e-30
-4.48207, 0
.242641, -1.57772e-30
-8.24264, -1.51461e-28
.140055, 2.41061e-17
-7.14005, -1.22896e-15
.148741, -6.31089e-30
-4.48207, 0
.140055, 2.41061e-17
-7.14005, -1.22896e-15
.242641, -1.57772e-30
-8.24264, -1.51461e-28
.140055, 2.41061e-17
-7.14005, -1.22896e-15
-6, 0
6.94116e-310, 6.94116e-310
-2.5, 4.44089e-16
6.94116e-310, 6.94116e-310
.148741, -6.31089e-30
-4.48207, 0
-2.5, 4.44089e-16
6.94116e-310, 4.94066e-324
-3.66667, -4.44089e-16
0, 0
-2.5, 4.44089e-16
2.122e-314, 6.94116e-310
.148741, -6.31089e-30
-4.48207, 0
-3.66667, -4.44089e-16
0, 0
.148741, -6.31089e-30
-4.48207, 0
-3.66667, -4.44089e-16
0, 0
-3.66667, -4.44089e-16
0, 0
-.241694, -2.01948e-28
-2.75831, 0
-2.5, 4.44089e-16
0, 0
-2.5, 4.44089e-16
0, 0
-2.5, 4.44089e-16
0, 0
.148741, -6.31089e-30
-4.48207, 0
-3.66667, -4.44089e-16
0, 0
-2.5, 4.44089e-16
0, 0
-2.5, 4.44089e-16
0, 0
.148741, -6.31089e-30
-4.48207, 0
.148741, -6.31089e-30
-4.48207, 0
-3.66667, -4.44089e-16
0, 0
-2.5, 4.44089e-16
0, 0
.148741, -6.31089e-30
-4.48207, 0
-2.5, 4.44089e-16
0, 0
-3.66667, -4.44089e-16
0, 0
-2.5, 4.44089e-16
0, 0
-3.66667, -4.44089e-16
0, 0
.148741, -6.31089e-30
-4.48207, 0
-3.66667, -4.44089e-16
0, 0
-3.66667, -4.44089e-16
0, 0
-.241694, -2.01948e-28
-2.75831, 0
.158312, 0
-3.15831, 5.16988e-26
.253785, -1.61559e-27
-5.25379, -5.16988e-26
.242641, -1.57772e-30
-8.24264, -1.51461e-28
.242641, -1.57772e-30
-8.24264, -1.51461e-28
.140055, 2.41061e-17
-7.14005, -1.22896e-15
.158312, 0
-3.15831, 5.16988e-26
.242641, -1.57772e-30
-8.24264, -1.51461e-28
.148741, -6.31089e-30
-4.48207, 0
.140055, 2.41061e-17
-7.14005, -1.22896e-15
.158312, 0
-3.15831, 5.16988e-26
.242641, -1.57772e-30
-8.24264, -1.51461e-28
.140055, 2.41061e-17
-7.14005, -1.22896e-15
.148741, -6.31089e-30
-4.48207, 0
.140055, 2.41061e-17
-7.14005, -1.22896e-15
.140055, 2.41061e-17
-7.14005, -1.22896e-15
-6, 0
0, 0
-6, 0
0, 0
-6, 0
0, 0
.140055, 2.41061e-17
-7.14005, -1.22896e-15
-6, 0
0, 0
-6, 0
0, 0
-.208712, -2.23687e-16
-4.79129, 4.67401e-15
.158312, 0
-3.15831, 5.16988e-26
-1.8, 2.22045e-16
0, 0
-2.5, 4.44089e-16
0, 0
.148741, -6.31089e-30
-4.48207, 0
-3.66667, -4.44089e-16
0, 0
.158312, 0
-3.15831, 5.16988e-26
-1.8, 2.22045e-16
0, 0
.148741, -6.31089e-30
-4.48207, 0
.148741, -6.31089e-30
-4.48207, 0
-3.66667, -4.44089e-16
0, 0
-3.35425, 0
-8.64575, 0
0, 0
-2.5, 4.44089e-16
0, 0
-2.5, 4.44089e-16
0, 0
-3.66667, -4.44089e-16
0, 0
-2.5, 4.44089e-16
0, 0
-3.66667, -4.44089e-16
0, 0
-3.66667, -4.44089e-16
0, 0
-.241694, -2.01948e-28
-2.75831, 0
-6, 0
0, 0
-6, 0
0, 0
-6, 0
0, 0
.140055, 2.41061e-17
-7.14005, -1.22896e-15
-6, 0
0, 0
-6, 0
0, 0
-.208712, -2.23687e-16
-4.79129, 4.67401e-15
-3.66667, -4.44089e-16
0, 0
-6, 0
0, 0
-6, 0
0, 0
-.208712, -2.23687e-16
-4.79129, 4.67401e-15
-.208712, -2.23687e-16
-4.79129, 4.67401e-15
-.585786, -8.27181e-25
-3.41421, 0
.18046, -6.23628e-19
-1.84713, 6.3807e-18
.333333, 2.58494e-26
-6, -4.1359e-25
.162278, -2.20423e-21
-6, -1.12827e-21
-6.16228, 1.11504e-21
.265564, -8.27181e-25
-3.76556, 1.32349e-23
.158312, 0
-3.15831, 5.16988e-26
.168858, -4.1359e-25
-2.36886, 0
.168858, -4.1359e-25
-2.36886, 0
.158312, 0
-3.15831, 5.16988e-26
.253785, -1.61559e-27
-5.25379, -5.16988e-26
.148741, -6.31089e-30
-4.48207, 0
.253785, -1.61559e-27
-5.25379, -5.16988e-26
.158312, 0
-3.15831, 5.16988e-26
.148741, -6.31089e-30
-4.48207, 0
.148741, -6.31089e-30
-4.48207, 0
-3.66667, -4.44089e-16
0, 0
-.4, 0
-1, 0
-.292893, -3.10193e-25
-1.70711, -6.61744e-24
-.292893, -3.10193e-25
-1.70711, -6.61744e-24
-.75, .661438
-.75, -.661438
-.241694, -2.01948e-28
-2.75831, 0
-.241694, -2.01948e-28
-2.75831, 0
-.241694, -2.01948e-28
-2.75831, 0
-1, 0
-1.33333, 6.05845e-28
-.241694, -2.01948e-28
-2.75831, 0
-.241694, -2.01948e-28
-2.75831, 0
-.241694, -2.01948e-28
-2.75831, 0
-.241694, -2.01948e-28
-2.75831, 0
-1, 0
-1.33333, 6.05845e-28
-1, 0
-1.33333, 6.05845e-28
-.833333, 1.14261
-.833333, -1.14261
-.357143, .397697
-.357143, -.397697
-.489, .336696
-.489, -.336696
-17.022, 1.65436e-24
-.5, -.288675
-.5, .288675
-.4, 0
-1, 0
-.357143, .397697
-.357143, -.397697
-1.8, 2.22045e-16
0, 0
-.5, -.288675
-.5, .288675
-.4, 0
-1, 0
-.5, .74162
-.5, -.74162
-1, 1.11022e-16
0, 0
-1.33333, -2.22045e-16
0, 0
-1.33333, -2.22045e-16
0, 0
-1.8, 2.22045e-16
0, 0
-1.33333, -2.22045e-16
0, 0
-1.33333, -2.22045e-16
0, 0
.168858, -4.1359e-25
-2.36886, 0
.158312, 0
-3.15831, 5.16988e-26
.158312, 0
-3.15831, 5.16988e-26
-2, 4.1359e-25
-13, -8.27181e-25
0, 0
-1.33333, -2.22045e-16
0, 0
-1.8, 2.22045e-16
0, 0
-1.33333, -2.22045e-16
0, 0
-1.8, 2.22045e-16
0, 0
.158312, 0
-3.15831, 5.16988e-26
-2, 4.1359e-25
-13, -8.27181e-25
0, 0
-1.8, 2.22045e-16
0, 0
-1.8, 2.22045e-16
0, 0
-2.5, 4.44089e-16
0, 0
-1.8, 2.22045e-16
0, 0
-2.5, 4.44089e-16
0, 0
-2.5, 4.44089e-16
0, 0
-.292893, -3.10193e-25
-1.70711, -6.61744e-24
.148741, -6.31089e-30
-4.48207, 0
.158312, 0
-3.15831, 5.16988e-26
-2.5, 4.44089e-16
0, 0
.148741, -6.31089e-30
-4.48207, 0
-3.66667, -4.44089e-16
0, 0
-1.8, 2.22045e-16
0, 0
.148741, -6.31089e-30
-4.48207, 0
-3.66667, -4.44089e-16
0, 0
-2.5, 4.44089e-16
0, 0
-3.66667, -4.44089e-16
0, 0
-3.66667, -4.44089e-16
0, 0
-.241694, -2.01948e-28
-2.75831, 0
-.292893, -3.10193e-25
-1.70711, -6.61744e-24
-2.5, 4.44089e-16
0, 0
-.292893, -3.10193e-25
-1.70711, -6.61744e-24
-.75, .661438
-.75, -.661438
-.4, 0
-1, 0
-.4, 0
-1, 0
-2.5, 4.44089e-16
0, 0
-.292893, -3.10193e-25
-1.70711, -6.61744e-24
-.4, 0
-1, 0
-.4, 0
-1, 0
-.292893, -3.10193e-25
-1.70711, -6.61744e-24
-.4, 0
-1, 0
-.292893, -3.10193e-25
-1.70711, -6.61744e-24
-.292893, -3.10193e-25
-1.70711, -6.61744e-24
-.292893, -3.10193e-25
-1.70711, -6.61744e-24
-.75, .661438
-.75, -.661438
-.5, -.288675
-.5, .288675
-2.5, 4.44089e-16
0, 0
-.4, 0
-1, 0
-.4, 0
-1, 0
-.292893, -3.10193e-25
-1.70711, -6.61744e-24
-.4, 0
-1, 0
-.292893, -3.10193e-25
-1.70711, -6.61744e-24
-.292893, -3.10193e-25
-1.70711, -6.61744e-24
-.292893, -3.10193e-25
-1.70711, -6.61744e-24
-.75, .661438
-.75, -.661438
-.241694, -2.01948e-28
-2.75831, 0
-.241694, -2.01948e-28
-2.75831, 0
-1, 0
-1.33333, 6.05845e-28
-2.5, 4.44089e-16
0, 0
-2.5, 4.44089e-16
0, 0
-.4, 0
-1, 0
-2.5, 4.44089e-16
0, 0
-.4, 0
-1, 0
-.292893, -3.10193e-25
-1.70711, -6.61744e-24
-.4, 0
-1, 0
-.292893, -3.10193e-25
-1.70711, -6.61744e-24
-.292893, -3.10193e-25
-1.70711, -6.61744e-24
-.75, .661438
-.75, -.661438
-.241694, -2.01948e-28
-2.75831, 0
-.241694, -2.01948e-28
-2.75831, 0
-.241694, -2.01948e-28
-2.75831, 0
-.241694, -2.01948e-28
-2.75831, 0
-.241694, -2.01948e-28
-2.75831, 0
-.241694, -2.01948e-28
-2.75831, 0
-1, 0
-1.33333, 6.05845e-28
-3.66667, -4.44089e-16
0, 0
-.241694, -2.01948e-28
-2.75831, 0
-.241694, -2.01948e-28
-2.75831, 0
-.241694, -2.01948e-28
-2.75831, 0
-.241694, -2.01948e-28
-2.75831, 0
-1, 0
-1.33333, 6.05845e-28
-1, 0
-1.33333, 6.05845e-28
-.833333, 1.14261
-.833333, -1.14261
.140055, 2.41061e-17
-7.14005, -1.22896e-15
-3.66667, -4.44089e-16
0, 0
-3.66667, -4.44089e-16
0, 0
-3.66667, -4.44089e-16
0, 0
-6, 0
0, 0
-6, 0
0, 0
-6, 0
0, 0
-.208712, -2.23687e-16
-4.79129, 4.67401e-15
-.585786, -8.27181e-25
-3.41421, 0
-3.66667, -4.44089e-16
0, 0
-.292893, -3.10193e-25
-1.70711, -6.61744e-24
-.241694, -2.01948e-28
-2.75831, 0
-.292893, -3.10193e-25
-1.70711, -6.61744e-24
-.292893, -3.10193e-25
-1.70711, -6.61744e-24
-.241694, -2.01948e-28
-2.75831, 0
-.241694, -2.01948e-28
-2.75831, 0
-.241694, -2.01948e-28
-2.75831, 0
-1, 0
-1.33333, 6.05845e-28
-.208712, -2.23687e-16
-4.79129, 4.67401e-15
-.208712, -2.23687e-16
-4.79129, 4.67401e-15
-.208712, -2.23687e-16
-4.79129, 4.67401e-15
-.585786, -8.27181e-25
-3.41421, 0
-3.66667, -4.44089e-16
0, 0
-3.66667, -4.44089e-16
0, 0
.140055, 2.41061e-17
-7.14005, -1.22896e-15
.140055, 2.41061e-17
-7.14005, -1.22896e-15
.140055, 2.41061e-17
-7.14005, -1.22896e-15
-6, 0
0, 0
-3.66667, -4.44089e-16
0, 0
-3.66667, -4.44089e-16
0, 0
.140055, 2.41061e-17
-7.14005, -1.22896e-15
.140055, 2.41061e-17
-7.14005, -1.22896e-15
-6, 0
0, 0
-3.66667, -4.44089e-16
0, 0
.140055, 2.41061e-17
-7.14005, -1.22896e-15
-6, 0
0, 0
.140055, 2.41061e-17
-7.14005, -1.22896e-15
-3.66667, -4.44089e-16
0, 0
-6, 0
0, 0
-6, 0
0, 0
-6, 0
0, 0
-.208712, -2.23687e-16
-4.79129, 4.67401e-15
-.208712, -2.23687e-16
-4.79129, 4.67401e-15
-.208712, -2.23687e-16
-4.79129, 4.67401e-15
-.208712, -2.23687e-16
-4.79129, 4.67401e-15
-.585786, -8.27181e-25
-3.41421, 0
-1.5, -.866025
-1.5, .866025
.140055, 2.41061e-17
-7.14005, -1.22896e-15
-3.66667, -4.44089e-16
0, 0
-3.66667, -4.44089e-16
0, 0
-6, 0
0, 0
-2.5, 4.44089e-16
0, 0
.140055, 2.41061e-17
-7.14005, -1.22896e-15
-6, 0
0, 0
-3.66667, -4.44089e-16
0, 0
-6, 0
0, 0
-.208712, -2.23687e-16
-4.79129, 4.67401e-15
-.208712, -2.23687e-16
-4.79129, 4.67401e-15
-.585786, -8.27181e-25
-3.41421, 0
-.208712, -2.23687e-16
-4.79129, 4.67401e-15
-.208712, -2.23687e-16
-4.79129, 4.67401e-15
-.208712, -2.23687e-16
-4.79129, 4.67401e-15
-.208712, -2.23687e-16
-4.79129, 4.67401e-15
-.585786, -8.27181e-25
-3.41421, 0
-.292893, -3.10193e-25
-1.70711, -6.61744e-24
-3.66667, -4.44089e-16
0, 0
-3.66667, -4.44089e-16
0, 0
-.241694, -2.01948e-28
-2.75831, 0
-.292893, -3.10193e-25
-1.70711, -6.61744e-24
-.292893, -3.10193e-25
-1.70711, -6.61744e-24
-.241694, -2.01948e-28
-2.75831, 0
-.292893, -3.10193e-25
-1.70711, -6.61744e-24
-.241694, -2.01948e-28
-2.75831, 0
-.292893, -3.10193e-25
-1.70711, -6.61744e-24
-.241694, -2.01948e-28
-2.75831, 0
-1, 0
-1.33333, 6.05845e-28
-.208712, -2.23687e-16
-4.79129, 4.67401e-15
-.208712, -2.23687e-16
-4.79129, 4.67401e-15
-.208712, -2.23687e-16
-4.79129, 4.67401e-15
-.208712, -2.23687e-16
-4.79129, 4.67401e-15
-.585786, -8.27181e-25
-3.41421, 0
-6, 0
0, 0
-.208712, -2.23687e-16
-4.79129, 4.67401e-15
-.208712, -2.23687e-16
-4.79129, 4.67401e-15
-.208712, -2.23687e-16
-4.79129, 4.67401e-15
-.585786, -8.27181e-25
-3.41421, 0
-1.5, -.866025
-1.5, .866025
-.585786, -8.27181e-25
-3.41421, 0
-.585786, -8.27181e-25
-3.41421, 0
-.585786, -8.27181e-25
-3.41421, 0
-1.5, -.866025
-1.5, .866025
-1, 1.73205
-1, -1.73205
.148741, -6.31089e-30
-4.48207, 0
.158312, 0
-3.15831, 5.16988e-26
.253785, -1.61559e-27
-5.25379, -5.16988e-26
.242641, -1.57772e-30
-8.24264, -1.51461e-28
.152308, 1.97215e-31
-4.57615, 4.29567
-4.57615, -4.29567
.148741, -6.31089e-30
-4.48207, 0
.140055, 2.41061e-17
-7.14005, -1.22896e-15
-6, 0
0, 0
.140055, 2.41061e-17
-7.14005, -1.22896e-15
.140055, 2.41061e-17
-7.14005, -1.22896e-15
.232125, 2.49981e-19
-17.2321, -1.85331e-17
.132169, 4.49986e-22
-15.1322, -5.33631e-20
.242641, -1.57772e-30
-8.24264, -1.51461e-28
.232125, 2.49981e-19
-17.2321, -1.85331e-17
.132169, 4.49986e-22
-15.1322, -5.33631e-20
.148741, -6.31089e-30
-4.48207, 0
.232125, 2.49981e-19
-17.2321, -1.85331e-17
.132169, 4.49986e-22
-15.1322, -5.33631e-20
.132169, 4.49986e-22
-15.1322, -5.33631e-20
-13, -1.77636e-15
0, 0
-6, 0
0, 0
-13, -1.77636e-15
0, 0
.132169, 4.49986e-22
-15.1322, -5.33631e-20
-13, -1.77636e-15
0, 0
-13, -1.77636e-15
0, 0
-.184927, -1.64113e-21
-10.8151, 1.79571e-19
.140055, 2.41061e-17
-7.14005, -1.22896e-15
.140055, 2.41061e-17
-7.14005, -1.22896e-15
-6, 0
0, 0
-6, 0
0, 0
-6, 0
0, 0
-6, 0
0, 0
-.208712, -2.23687e-16
-4.79129, 4.67401e-15
-13, -1.77636e-15
0, 0
-13, -1.77636e-15
0, 0
-13, -1.77636e-15
0, 0
-.184927, -1.64113e-21
-10.8151, 1.79571e-19
.140055, 2.41061e-17
-7.14005, -1.22896e-15
-3.66667, -4.44089e-16
0, 0
.140055, 2.41061e-17
-7.14005, -1.22896e-15
.140055, 2.41061e-17
-7.14005, -1.22896e-15
-3.66667, -4.44089e-16
0, 0
-3.66667, -4.44089e-16
0, 0
-6, 0
0, 0
-6, 0
0, 0
-.208712, -2.23687e-16
-4.79129, 4.67401e-15
-13, -1.77636e-15
0, 0
-13, -1.77636e-15
0, 0
-13, -1.77636e-15
0, 0
-13, -1.77636e-15
0, 0
-13, -1.77636e-15
0, 0
-13, -1.77636e-15
0, 0
-.184927, -1.64113e-21
-10.8151, 1.79571e-19
-.184927, -1.64113e-21
-10.8151, 1.79571e-19
-.468871, 7.88861e-31
-8.53113, 0
-.184927, -1.64113e-21
-10.8151, 1.79571e-19
-.184927, -1.64113e-21
-10.8151, 1.79571e-19
-.468871, 7.88861e-31
-8.53113, 0
-6, 0
0, 0
.132169, 4.49986e-22
-15.1322, -5.33631e-20
.132169, 4.49986e-22
-15.1322, -5.33631e-20
-13, -1.77636e-15
0, 0
-6, 0
0, 0
-6, 0
0, 0
-13, -1.77636e-15
0, 0
-6, 0
0, 0
-13, -1.77636e-15
0, 0
-13, -1.77636e-15
0, 0
-.184927, -1.64113e-21
-10.8151, 1.79571e-19
-.184927, -1.64113e-21
-10.8151, 1.79571e-19
-.184927, -1.64113e-21
-10.8151, 1.79571e-19
-.184927, -1.64113e-21
-10.8151, 1.79571e-19
-.468871, 7.88861e-31
-8.53113, 0
-1, -2.06795e-25
-6, 6.61744e-24
-.241694, -2.01948e-28
-2.75831, 0
-.208712, -2.23687e-16
-4.79129, 4.67401e-15
-.208712, -2.23687e-16
-4.79129, 4.67401e-15
-.585786, -8.27181e-25
-3.41421, 0
-.208712, -2.23687e-16
-4.79129, 4.67401e-15
-.208712, -2.23687e-16
-4.79129, 4.67401e-15
-.208712, -2.23687e-16
-4.79129, 4.67401e-15
-.208712, -2.23687e-16
-4.79129, 4.67401e-15
-.208712, -2.23687e-16
-4.79129, 4.67401e-15
-.585786, -8.27181e-25
-3.41421, 0
-.585786, -8.27181e-25
-3.41421, 0
-1.5, -.866025
-1.5, .866025
-.184927, -1.64113e-21
-10.8151, 1.79571e-19
-.184927, -1.64113e-21
-10.8151, 1.79571e-19
-.184927, -1.64113e-21
-10.8151, 1.79571e-19
-.468871, 7.88861e-31
-8.53113, 0
-.184927, -1.64113e-21
-10.8151, 1.79571e-19
-.184927, -1.64113e-21
-10.8151, 1.79571e-19
-.184927, -1.64113e-21
-10.8151, 1.79571e-19
-.468871, 7.88861e-31
-8.53113, 0
-.184927, -1.64113e-21
-10.8151, 1.79571e-19
-.184927, -1.64113e-21
-10.8151, 1.79571e-19
-.184927, -1.64113e-21
-10.8151, 1.79571e-19
-.468871, 7.88861e-31
-8.53113, 0
-1, -2.06795e-25
-6, 6.61744e-24
-6, 0
0, 0
-6, 0
0, 0
.132169, 4.49986e-22
-15.1322, -5.33631e-20
-13, -1.77636e-15
0, 0
.132169, 4.49986e-22
-15.1322, -5.33631e-20
-6, 0
0, 0
-13, -1.77636e-15
0, 0
.132169, 4.49986e-22
-15.1322, -5.33631e-20
-6, 0
0, 0
-13, -1.77636e-15
0, 0
-13, -1.77636e-15
0, 0
-.184927, -1.64113e-21
-10.8151, 1.79571e-19
-.241694, -2.01948e-28
-2.75831, 0
-.241694, -2.01948e-28
-2.75831, 0
-.208712, -2.23687e-16
-4.79129, 4.67401e-15
-.241694, -2.01948e-28
-2.75831, 0
-.208712, -2.23687e-16
-4.79129, 4.67401e-15
-.585786, -8.27181e-25
-3.41421, 0
-.184927, -1.64113e-21
-10.8151, 1.79571e-19
-.184927, -1.64113e-21
-10.8151, 1.79571e-19
-.468871, 7.88861e-31
-8.53113, 0
-13, -1.77636e-15
0, 0
-.184927, -1.64113e-21
-10.8151, 1.79571e-19
-.184927, -1.64113e-21
-10.8151, 1.79571e-19
-.468871, 7.88861e-31
-8.53113, 0
-1, -2.06795e-25
-6, 6.61744e-24
-.468871, 7.88861e-31
-8.53113, 0
-.468871, 7.88861e-31
-8.53113, 0
-.468871, 7.88861e-31
-8.53113, 0
-.468871, 7.88861e-31
-8.53113, 0
-1, -2.06795e-25
-6, 6.61744e-24
-2.5, -1.32288
-2.5, 1.32288
-.208712, -2.23687e-16
-4.79129, 4.67401e-15
-1, 0
-1.33333, 6.05845e-28
-.585786, -8.27181e-25
-3.41421, 0
-1.5, -.866025
-1.5, .866025
-.184927, -1.64113e-21
-10.8151, 1.79571e-19
-.468871, 7.88861e-31
-8.53113, 0
-.468871, 7.88861e-31
-8.53113, 0
-1, -2.06795e-25
-6, 6.61744e-24
-1, -2.06795e-25
-6, 6.61744e-24
-2.5, -1.32288
-2.5, 1.32288
-1.5, 2.78388
-1.5, -2.78388
.416667, 0
.321825, 2.52435e-29
-9.32183, 0
.363636, 0
.310708, 3.65071e-18
-19.3107, -2.26869e-16
.3, 0
.222222, 2.77556e-17
.3, 0
.232125, 2.49981e-19
-17.2321, -1.85331e-17
.222222, 2.77556e-17
.222222, 2.77556e-17
.125, 0
.310708, 3.65071e-18
-19.3107, -2.26869e-16
.3, 0
.3, 0
.232125, 2.49981e-19
-17.2321, -1.85331e-17
.3, 0
.232125, 2.49981e-19
-17.2321, -1.85331e-17
.222222, 2.77556e-17
.222222, 2.77556e-17
.125, 0
.140055, 2.41061e-17
-7.14005, -1.22896e-15
.232125, 2.49981e-19
-17.2321, -1.85331e-17
.132169, 4.49986e-22
-15.1322, -5.33631e-20
.132169, 4.49986e-22
-15.1322, -5.33631e-20
.140055, 2.41061e-17
-7.14005, -1.22896e-15
.132169, 4.49986e-22
-15.1322, -5.33631e-20
.132169, 4.49986e-22
-15.1322, -5.33631e-20
.132169, 4.49986e-22
-15.1322, -5.33631e-20
-13, -1.77636e-15
0, 0
.125, 0
.125, 0
.125, 0
6.94008e-310, 0
.125, 0
.125, 0
.125, 0
.125, 0
6.94008e-310, 0
6.94008e-310, 0
-.166667, 0
.222222, 2.77556e-17
.222222, 2.77556e-17
.132169, 4.49986e-22
-15.1322, -5.33631e-20
.222222, 2.77556e-17
.125, 0
.222222, 2.77556e-17
.125, 0
.132169, 4.49986e-22
-15.1322, -5.33631e-20
.125, 0
6.94008e-310, 0
6.94008e-310, 0
6.94008e-310, 0
-.166667, 0
.222222, 2.77556e-17
.132169, 4.49986e-22
-15.1322, -5.33631e-20
.132169, 4.49986e-22
-15.1322, -5.33631e-20
.222222, 2.77556e-17
.125, 0
.132169, 4.49986e-22
-15.1322, -5.33631e-20
.125, 0
6.94008e-310, 0
6.94008e-310, 0
-.166667, 0
6.94008e-310, 0
6.94008e-310, 0
6.94008e-310, 0
6.94008e-310, 0
-.166667, 0
.125, 0
.125, 0
6.94008e-310, 0
6.94008e-310, 0
-.166667, 0
-.4, 0
-.166667, 0
-.166667, 0
-.4, 0
-.75, 0
-.166667, 0
-.166667, 0
-.4, 0
-.166667, 0
-.166667, 0
-.4, 0
-.75, 0
-.4, 0
-.166667, 0
-.166667, 0
-.166667, 0
-.4, 0
-.75, 0
-1.33333, -2.22045e-16
6.94008e-310, 0
6.94008e-310, 0
-13, -1.77636e-15
0, 0
6.94008e-310, 0
6.94008e-310, 0
-.166667, 0
-.166667, 0
-.4, 0
.125, 0
.125, 0
-13, -1.77636e-15
0, 0
6.94008e-310, 0
-.166667, 0
-.166667, 0
-.166667, 0
-.4, 0
6.94008e-310, 0
-.166667, 0
-.166667, 0
-.4, 0
-.75, 0
-.4, 0
-.4, 0
-.75, 0
-1.33333, -2.22045e-16
-2.5, 4.44089e-16
-.75, 0
-.4, 0
-.4, 0
-.4, 0
-.75, 0
-1.33333, -2.22045e-16
-.75, 0
-1.33333, -2.22045e-16
-2.5, 4.44089e-16
-6, 0
