-4.56155, 0
-.438447, 0
0, 0
-4.56155, 0
-.438447, 0
-4.56155, 0
-.438447, 0
-4.56155, 0
-.438447, 0
-4.56155, 0
-.438447, 0
-4.56155, 0
-.438447, 0
-4.56155, 0
-.438447, 0
-4.56155, 0
-.438447, 0
-4.56155, 0
-.438447, 0
-4.56155, 0
-.438447, 0
-4.56155, 0
-.438447, 0
-4.56155, 0
-.438447, 0
-4.56155, 0
-.438447, 0
-4.56155, 0
-.438447, 0
-4.56155, 0
-.438447, 0
0, 0
-4.56155, 0
-.438447, 0
0, 0
-4.56155, 0
-.438447, 0
-4.56155, 0
-.438447, 0
-4.56155, 0
-.438447, 0
-4.56155, 0
-.438447, 0
-4.56155, 0
-.438447, 0
0, 0
0, 0
-4.56155, 0
-.438447, 0
-4.56155, 0
-.438447, 0
0, 0
-4.56155, 0
-.438447, 0
-4.56155, 0
-.438447, 0
-4.56155, 0
-.438447, 0
-4.56155, 0
-.438447, 0
-4.56155, 0
-.438447, 0
-4.56155, 0
-.438447, 0
-4.56155, 0
-.438447, 0
-4.56155, 0
-.438447, 0
0, 0
-4.56155, 0
-.438447, 0
0, 0
-4.56155, 0
-.438447, 0
-4.56155, 0
-.438447, 0
-4.56155, 0
-.438447, 0
-4.56155, 0
-.438447, 0
-4.56155, 0
-.438447, 0
0, 0
-4.56155, 0
-.438447, 0
-4.56155, 0
-.438447, 0
-4.56155, 0
-.438447, 0
-4.56155, 0
-.438447, 0
-4.56155, 0
-.438447, 0
-4.56155, 0
-.438447, 0
-4.56155, 0
-.438447, 0
0, 0
0, 0
-4.56155, 0
-.438447, 0
-4.56155, 0
-.438447, 0
0, 0
0, 0
-4.56155, 0
-.438447, 0
-4.56155, 0
-.438447, 0
-4.56155, 0
-.438447, 0
-4.56155, 0
-.438447, 0
-4.56155, 0
-.438447, 0
-4.56155, 0
-.438447, 0
-4.56155, 0
-.438447, 0
-4.56155, 0
-.438447, 0
-4.56155, 0
-.438447, 0
0, 0
-4.56155, 0
-.438447, 0
-4.56155, 0
-.438447, 0
-4.56155, 0
-.438447, 0
-4.56155, 0
-.438447, 0
-4.56155, 0
-.438447, 0
0, 0
-4.56155, 0
-.438447, 0
-4.56155, 0
-.438447, 0
-4.56155, 0
-.438447, 0
-4.56155, 0
-.438447, 0
0, 0
-4.56155, 0
-.438447, 0
-4.56155, 0
-.438447, 0
-4.56155, 0
-.438447, 0
-4.56155, 0
-.438447, 0
-4.56155, 0
-.438447, 0
0, 0
-4.56155, 0
-.438447, 0
-4.56155, 0
-.438447, 0
-4.56155, 0
-.438447, 0
-4.56155, 0
-.438447, 0
-4.56155, 0
-.438447, 0
-4.56155, 0
-.438447, 0
-4.56155, 0
-.438447, 0
-4.56155, 0
-.438447, 0
-4.56155, 0
-.438447, 0
-4.56155, 0
-.438447, 0
-4.56155, 0
-.438447, 0
-4.56155, 0
-.438447, 0
-4.56155, 0
-.438447, 0
-4.56155, 0
-.438447, 0
-4.56155, 0
-.438447, 0
